{
 "cells": [
  {
   "cell_type": "markdown",
   "metadata": {},
   "source": [
    "## Task 10: Plotting Bias-Variance Tradeoff and Correlation"
   ]
  },
  {
   "cell_type": "code",
   "execution_count": 1,
   "metadata": {},
   "outputs": [],
   "source": [
    "import argparse\n",
    "import yaml\n",
    "import numpy as np\n",
    "import pickle as pkl\n",
    "from sklearn.model_selection import GridSearchCV, train_test_split\n",
    "from sklearn.metrics import mean_squared_error\n",
    "from itertools import product\n",
    "from datetime import datetime\n",
    "import json\n",
    "import hashlib\n",
    "import os\n",
    "import matplotlib.pyplot as plt\n",
    "\n",
    "from algorithms import BMP\n",
    "from data_generation import GaussianDataGenerator"
   ]
  },
  {
   "cell_type": "code",
   "execution_count": 44,
   "metadata": {},
   "outputs": [],
   "source": [
    "p = 300\n",
    "n = 600\n",
    "m = 20\n",
    "noise_level = 0.2\n",
    "\n",
    "Data_Geneartor = GaussianDataGenerator(p, n, m, noise_level, random_seed=1)\n",
    "_ = Data_Geneartor.shuffle()"
   ]
  },
  {
   "cell_type": "code",
   "execution_count": 47,
   "metadata": {},
   "outputs": [
    {
     "name": "stdout",
     "output_type": "stream",
     "text": [
      "[[ 0.05826719]\n",
      " [-0.329659  ]\n",
      " [-0.62405756]\n",
      " [ 0.19549826]\n",
      " [ 0.29230804]]\n",
      "[[ 0.64427199]\n",
      " [-0.96876819]\n",
      " [ 0.21446787]\n",
      " [ 0.18492569]\n",
      " [ 1.33144795]]\n"
     ]
    }
   ],
   "source": [
    "(\n",
    "    test_true_signal,\n",
    "    test_dictionary,\n",
    "    true_indices,\n",
    "    true_coefficients,\n",
    "    test_perturbed_signal,\n",
    ") = Data_Geneartor.get_current_shuffle()\n",
    "print(test_perturbed_signal[:5])\n",
    "print(true_coefficients[:5])"
   ]
  },
  {
   "cell_type": "code",
   "execution_count": 20,
   "metadata": {},
   "outputs": [],
   "source": [
    "train_seed = 33\n",
    "(\n",
    "    train_true_signal,\n",
    "    train_dictionary,\n",
    "    true_indices,\n",
    "    true_coefficients,\n",
    "    train_perturbed_signal,\n",
    ") = Data_Geneartor.keep_coef_reshuffle(seed = train_seed)"
   ]
  },
  {
   "cell_type": "code",
   "execution_count": 48,
   "metadata": {},
   "outputs": [],
   "source": [
    "model_params = {\n",
    "    'N_bag': 100,\n",
    "    'K': 20,\n",
    "    'signal_bag_percent': 0.3,\n",
    "    'atom_bag_percent': 0.3,\n",
    "    'agg_func': 'avg',\n",
    "    'replace_flag': False\n",
    "}\n",
    "\n",
    "bmp_model = BMP(**model_params)"
   ]
  },
  {
   "cell_type": "code",
   "execution_count": 49,
   "metadata": {},
   "outputs": [
    {
     "data": {
      "text/plain": [
       "0.041208068908968165"
      ]
     },
     "execution_count": 49,
     "metadata": {},
     "output_type": "execute_result"
    }
   ],
   "source": [
    "bmp_model.fit(train_dictionary, train_perturbed_signal)\n",
    "y_pred = bmp_model.predict(test_dictionary)\n",
    "bmp_model.score(test_dictionary, test_perturbed_signal)"
   ]
  },
  {
   "cell_type": "markdown",
   "metadata": {},
   "source": [
    "Now we are ready to calculate bias variance and correlation of y_pred"
   ]
  },
  {
   "cell_type": "code",
   "execution_count": 51,
   "metadata": {},
   "outputs": [],
   "source": [
    "def cal_bias_variance_corr(n, p, m, data_seed, noise_level, model_params, test_num):\n",
    "    Data_Geneartor = GaussianDataGenerator(p, n, m, noise_level, data_seed)\n",
    "    test_true_signal, test_dictionary, true_indices, true_coefficients, test_perturbed_signal = Data_Geneartor.shuffle()\n",
    "    bmp_model = BMP(**model_params)\n",
    "    y_pred_lst = []\n",
    "    mse_lst = []\n",
    "    for test_i in range(test_num):\n",
    "        _, train_dictionary, _, _, train_perturbed_signal = Data_Geneartor.keep_coef_reshuffle(seed = test_i + 100)\n",
    "        bmp_model.fit(train_dictionary, train_perturbed_signal)\n",
    "        y_pred = bmp_model.predict(test_dictionary)\n",
    "        y_pred_lst.append(y_pred)\n",
    "        mse_lst.append(bmp_model.score(test_dictionary, test_perturbed_signal))\n",
    "    y_pred_mat = np.concatenate(y_pred_lst, axis = 1)\n",
    "    y_pred_mean = np.mean(y_pred_mat, axis = 1)\n",
    "    y_pred_var = np.var(y_pred_mat, axis = 1)\n",
    "    y_pred_bias = y_pred_mean - test_true_signal\n",
    "    corr = np.corrcoef(y_pred_mat, rowvar=False)\n",
    "    return y_pred_bias, y_pred_var, corr, mse_lst"
   ]
  },
  {
   "cell_type": "code",
   "execution_count": 53,
   "metadata": {},
   "outputs": [
    {
     "data": {
      "text/plain": [
       "(array([[-0.00940016, -0.21376644, -0.25220852, ..., -0.38345634,\n",
       "          0.00660752, -0.12997846],\n",
       "        [ 0.26552805,  0.06116178,  0.02271969, ..., -0.10852812,\n",
       "          0.28153574,  0.14494976],\n",
       "        [ 0.3504726 ,  0.14610633,  0.10766424, ..., -0.02358357,\n",
       "          0.36648029,  0.22989431],\n",
       "        ...,\n",
       "        [ 0.43243457,  0.2280683 ,  0.18962621, ...,  0.0583784 ,\n",
       "          0.44844226,  0.31185628],\n",
       "        [-0.02991918, -0.23428545, -0.27272754, ..., -0.40397535,\n",
       "         -0.0139115 , -0.15049748],\n",
       "        [ 0.16477845, -0.03958783, -0.07802991, ..., -0.20927773,\n",
       "          0.18078613,  0.04420015]]),\n",
       " array([0.0012957 , 0.00321258, 0.00165476, 0.00582023, 0.00220626,\n",
       "        0.00161097, 0.00213001, 0.00293098, 0.00235027, 0.0025455 ,\n",
       "        0.00243013, 0.00092671, 0.00264055, 0.0019549 , 0.00300793,\n",
       "        0.00365107, 0.00327333, 0.00107854, 0.00485927, 0.00374018,\n",
       "        0.00104405, 0.00240851, 0.00307885, 0.00221724, 0.00217717,\n",
       "        0.00196619, 0.00212995, 0.00306845, 0.00161302, 0.0013324 ,\n",
       "        0.00252985, 0.00237352, 0.00153124, 0.00207657, 0.00239872,\n",
       "        0.00271062, 0.00203984, 0.00184994, 0.00254066, 0.00200421,\n",
       "        0.00154084, 0.00240347, 0.00200024, 0.00158743, 0.00273056,\n",
       "        0.00257993, 0.00261217, 0.00270673, 0.00180179, 0.00169836,\n",
       "        0.00318244, 0.00165156, 0.00380195, 0.00276843, 0.00176627,\n",
       "        0.00126269, 0.00246242, 0.00324321, 0.0018784 , 0.00253865,\n",
       "        0.00148818, 0.00271101, 0.00169955, 0.00437352, 0.00109203,\n",
       "        0.00225022, 0.00185809, 0.00311063, 0.00266071, 0.00292578,\n",
       "        0.00217309, 0.00124319, 0.00189471, 0.001753  , 0.00152268,\n",
       "        0.00159986, 0.00258179, 0.00310591, 0.00264907, 0.00171377,\n",
       "        0.00271752, 0.00368461, 0.0020545 , 0.00172048, 0.00359736,\n",
       "        0.00261101, 0.00185815, 0.00362144, 0.00294365, 0.00124581,\n",
       "        0.00176979, 0.00147246, 0.00221159, 0.00181584, 0.00409898,\n",
       "        0.0019095 , 0.00363545, 0.00155169, 0.00278651, 0.00251107,\n",
       "        0.00220145, 0.00224647, 0.00211065, 0.00124182, 0.00148843,\n",
       "        0.00192343, 0.00228757, 0.00248884, 0.0032787 , 0.00196388,\n",
       "        0.00186978, 0.00216934, 0.00154791, 0.00133413, 0.00320302,\n",
       "        0.00260438, 0.00374898, 0.00227432, 0.00234693, 0.0012069 ,\n",
       "        0.00297364, 0.00147864, 0.00322138, 0.00232269, 0.00172363,\n",
       "        0.00189598, 0.0021221 , 0.00281123, 0.00252706, 0.00139883,\n",
       "        0.00222791, 0.0020389 , 0.00247047, 0.0019555 , 0.0017834 ,\n",
       "        0.0036628 , 0.00178501, 0.00259974, 0.00199865, 0.00246384,\n",
       "        0.00286939, 0.00282645, 0.00140557, 0.00155045, 0.0017796 ,\n",
       "        0.00293898, 0.0022563 , 0.00261397, 0.00228908, 0.00225825,\n",
       "        0.00204927, 0.00072356, 0.00387292, 0.00283269, 0.0034206 ,\n",
       "        0.00139938, 0.00339043, 0.00143983, 0.00117257, 0.00253371,\n",
       "        0.0022771 , 0.00255609, 0.00335395, 0.00332395, 0.00234442,\n",
       "        0.00174268, 0.00270432, 0.0015349 , 0.00213408, 0.00107003,\n",
       "        0.0030278 , 0.0018021 , 0.00553929, 0.00188963, 0.0011606 ,\n",
       "        0.0019258 , 0.00075498, 0.00098376, 0.00197942, 0.00181062,\n",
       "        0.00197446, 0.0013087 , 0.00232261, 0.00096557, 0.0014415 ,\n",
       "        0.00129418, 0.00142556, 0.00300464, 0.00120512, 0.0017657 ,\n",
       "        0.0014094 , 0.00174362, 0.00301199, 0.0023779 , 0.00101706,\n",
       "        0.00457837, 0.00263894, 0.00198303, 0.00183522, 0.00252928,\n",
       "        0.00291619, 0.00180601, 0.0029366 , 0.00193268, 0.00184104,\n",
       "        0.00243994, 0.00135364, 0.0029762 , 0.0015747 , 0.00325034,\n",
       "        0.0017828 , 0.00216547, 0.00551486, 0.00263777, 0.00171459,\n",
       "        0.00236176, 0.00227447, 0.0014468 , 0.00208732, 0.00180455,\n",
       "        0.00194485, 0.00238905, 0.00152903, 0.00200307, 0.00214517,\n",
       "        0.0028775 , 0.00185094, 0.00159311, 0.00258919, 0.00371647,\n",
       "        0.00244895, 0.00181337, 0.00166097, 0.0031815 , 0.00192424,\n",
       "        0.0029391 , 0.00183416, 0.00182887, 0.0024039 , 0.00159845,\n",
       "        0.00136879, 0.00422871, 0.00305407, 0.00183806, 0.0029047 ,\n",
       "        0.00235839, 0.00153048, 0.00532085, 0.00199604, 0.00189208,\n",
       "        0.00312701, 0.00271428, 0.00304737, 0.00146383, 0.00227242,\n",
       "        0.00141963, 0.00384067, 0.00227117, 0.00228322, 0.00488477,\n",
       "        0.00538619, 0.00173444, 0.00348777, 0.00163483, 0.00232107,\n",
       "        0.00305388, 0.00174119, 0.00182264, 0.00395414, 0.00332443,\n",
       "        0.00190353, 0.00162932, 0.00235012, 0.00203076, 0.00248263,\n",
       "        0.00223225, 0.00452386, 0.00139458, 0.00181156, 0.00230257,\n",
       "        0.00216728, 0.00197971, 0.00214455, 0.00265575, 0.0011534 ,\n",
       "        0.0021202 , 0.00115312, 0.00191431, 0.00248776, 0.00138077,\n",
       "        0.00232033, 0.0019246 , 0.00364487, 0.00199389, 0.00149753,\n",
       "        0.00167044, 0.00135183, 0.00771878, 0.00081413, 0.00250717,\n",
       "        0.00214257, 0.00221381, 0.00311387, 0.00118407, 0.0020393 ,\n",
       "        0.00436638, 0.00137608, 0.00182927, 0.00150491, 0.00205511,\n",
       "        0.00171983, 0.00216177, 0.00402596, 0.00233012, 0.00204167,\n",
       "        0.00102377, 0.00155313, 0.00139722, 0.00087305, 0.00167522,\n",
       "        0.00145416, 0.0021698 , 0.0025322 , 0.00270847, 0.00276187,\n",
       "        0.00203987, 0.00131711, 0.00253328, 0.00249271, 0.00106356,\n",
       "        0.00362848, 0.00237481, 0.00154701, 0.00184002, 0.00314365,\n",
       "        0.00212163, 0.00110386, 0.0039175 , 0.00231413, 0.0032031 ,\n",
       "        0.00177908, 0.00348061, 0.00118564, 0.00259656, 0.00139524,\n",
       "        0.00348124, 0.00381965, 0.00132686, 0.00216146, 0.00208922,\n",
       "        0.00142977, 0.00284512, 0.00148317, 0.00144673, 0.00208267,\n",
       "        0.00357656, 0.00428155, 0.00228309, 0.0018964 , 0.00173316,\n",
       "        0.00148877, 0.0022457 , 0.00202471, 0.00240499, 0.00269808,\n",
       "        0.00283115, 0.00130414, 0.00161922, 0.00212431, 0.00169891,\n",
       "        0.00230215, 0.00306978, 0.00234641, 0.00266856, 0.00321133,\n",
       "        0.00187894, 0.0020804 , 0.00230449, 0.00174038, 0.00276772,\n",
       "        0.00115745, 0.00143535, 0.00224168, 0.00197004, 0.00151059,\n",
       "        0.00417004, 0.0029134 , 0.00242579, 0.00217335, 0.00221967,\n",
       "        0.00093695, 0.0035686 , 0.00156801, 0.00234049, 0.00167768,\n",
       "        0.00200124, 0.00247056, 0.00326736, 0.00124245, 0.00157238,\n",
       "        0.00327458, 0.00246446, 0.00218134, 0.00167151, 0.00292454,\n",
       "        0.00152292, 0.00175192, 0.00134775, 0.00191152, 0.00385712,\n",
       "        0.00192053, 0.00161158, 0.00240301, 0.00139897, 0.00296133,\n",
       "        0.0021593 , 0.00177905, 0.00185668, 0.00294964, 0.00241455,\n",
       "        0.0017935 , 0.0009854 , 0.00286126, 0.00162797, 0.00150554,\n",
       "        0.00377137, 0.00231579, 0.0011025 , 0.00122365, 0.00181282,\n",
       "        0.00189877, 0.0016728 , 0.00336574, 0.00176355, 0.00186638,\n",
       "        0.00136637, 0.00214588, 0.00176772, 0.00071123, 0.00156482,\n",
       "        0.00312787, 0.00196415, 0.00258529, 0.00166101, 0.00192215,\n",
       "        0.00104714, 0.00120075, 0.00259161, 0.00195703, 0.00323735,\n",
       "        0.00208825, 0.00230756, 0.00250735, 0.0014824 , 0.00230833,\n",
       "        0.00471388, 0.00307494, 0.00167243, 0.00212676, 0.00282644,\n",
       "        0.00074264, 0.00210053, 0.00371994, 0.00251586, 0.00211018,\n",
       "        0.00350595, 0.00190094, 0.00331902, 0.00307607, 0.00223199,\n",
       "        0.00199609, 0.0022442 , 0.00257897, 0.00137066, 0.00163372,\n",
       "        0.00172215, 0.00346751, 0.00313124, 0.00403326, 0.00207653,\n",
       "        0.0029128 , 0.00244137, 0.00295454, 0.00180419, 0.00194004,\n",
       "        0.00337511, 0.00206606, 0.00094407, 0.00201242, 0.00207303,\n",
       "        0.00239208, 0.00280285, 0.00238901, 0.00288056, 0.00183343,\n",
       "        0.00343622, 0.00181347, 0.00216293, 0.00268269, 0.00203111,\n",
       "        0.00377581, 0.00171923, 0.0023315 , 0.00365436, 0.00132473,\n",
       "        0.00249189, 0.00230846, 0.0028429 , 0.00205398, 0.00096605,\n",
       "        0.00231024, 0.00199577, 0.0018713 , 0.0009216 , 0.00373367,\n",
       "        0.00118696, 0.00141761, 0.0010086 , 0.00203701, 0.00158838,\n",
       "        0.00167242, 0.00188951, 0.00142016, 0.00232828, 0.00213266,\n",
       "        0.00200319, 0.00251454, 0.00147414, 0.00267814, 0.00174048,\n",
       "        0.00101099, 0.00145829, 0.00206955, 0.00259969, 0.00187447,\n",
       "        0.00282034, 0.00138434, 0.00145405, 0.00254912, 0.0015319 ,\n",
       "        0.00116593, 0.00213135, 0.00183203, 0.00325821, 0.002045  ,\n",
       "        0.00227378, 0.00257654, 0.00454354, 0.00117958, 0.00386523,\n",
       "        0.00195127, 0.00485357, 0.00212076, 0.00125708, 0.001433  ,\n",
       "        0.00298637, 0.00356527, 0.00155322, 0.00260684, 0.00206689,\n",
       "        0.00384802, 0.00156918, 0.00379725, 0.00114428, 0.00309462,\n",
       "        0.00114191, 0.00311646, 0.00226137, 0.00312918, 0.00333474,\n",
       "        0.00188532, 0.00217354, 0.00170214, 0.00215064, 0.00148818,\n",
       "        0.00191854, 0.00101585, 0.00346806, 0.00269029, 0.00153502,\n",
       "        0.002194  , 0.00148147, 0.00286455, 0.00190913, 0.00075327,\n",
       "        0.00252532, 0.00252785, 0.00112468, 0.00245535, 0.00115314,\n",
       "        0.00213777, 0.00198393, 0.00135793, 0.00564062, 0.00182669,\n",
       "        0.00407846, 0.00123806, 0.00169412, 0.00220642, 0.00249217]),\n",
       " array([[1.        , 0.89581874, 0.89570336, 0.87330347, 0.87558856,\n",
       "         0.85158544, 0.87724401, 0.88416751, 0.89918871, 0.87689482,\n",
       "         0.86610637, 0.89884544, 0.88566801, 0.87286401, 0.87077079,\n",
       "         0.89209691, 0.88036372, 0.88252022, 0.89455385, 0.87766695],\n",
       "        [0.89581874, 1.        , 0.93643138, 0.90962105, 0.89366181,\n",
       "         0.90763578, 0.89913808, 0.88311209, 0.91136919, 0.89454596,\n",
       "         0.86245091, 0.93583587, 0.91396049, 0.91876002, 0.92876422,\n",
       "         0.91353287, 0.91182382, 0.90373412, 0.92648341, 0.92598766],\n",
       "        [0.89570336, 0.93643138, 1.        , 0.89973849, 0.85339265,\n",
       "         0.90106777, 0.92304458, 0.87804992, 0.91661449, 0.8972717 ,\n",
       "         0.87883781, 0.94164302, 0.91347896, 0.91962633, 0.9332445 ,\n",
       "         0.91909782, 0.89621785, 0.87587472, 0.93495142, 0.90778052],\n",
       "        [0.87330347, 0.90962105, 0.89973849, 1.        , 0.86778768,\n",
       "         0.88801433, 0.89155006, 0.86749698, 0.89209888, 0.88000796,\n",
       "         0.855964  , 0.90754375, 0.89687424, 0.91022866, 0.89343742,\n",
       "         0.89660451, 0.89647048, 0.85084396, 0.89079998, 0.90672513],\n",
       "        [0.87558856, 0.89366181, 0.85339265, 0.86778768, 1.        ,\n",
       "         0.82116317, 0.81317004, 0.88526615, 0.83641635, 0.86014847,\n",
       "         0.85497265, 0.85229352, 0.84891154, 0.8618294 , 0.86826164,\n",
       "         0.83333297, 0.84151008, 0.87290139, 0.85440518, 0.88330408],\n",
       "        [0.85158544, 0.90763578, 0.90106777, 0.88801433, 0.82116317,\n",
       "         1.        , 0.87976992, 0.82379547, 0.8781349 , 0.861267  ,\n",
       "         0.83990839, 0.90210783, 0.87647079, 0.90447963, 0.88016053,\n",
       "         0.88432589, 0.87571448, 0.83409212, 0.89094844, 0.88162316],\n",
       "        [0.87724401, 0.89913808, 0.92304458, 0.89155006, 0.81317004,\n",
       "         0.87976992, 1.        , 0.8594456 , 0.90172175, 0.89971662,\n",
       "         0.85243089, 0.91037622, 0.88093212, 0.90956153, 0.89717296,\n",
       "         0.87761039, 0.89976103, 0.83353089, 0.89477881, 0.87591274],\n",
       "        [0.88416751, 0.88311209, 0.87804992, 0.86749698, 0.88526615,\n",
       "         0.82379547, 0.8594456 , 1.        , 0.87549744, 0.86412354,\n",
       "         0.86596354, 0.87065056, 0.87944939, 0.86215262, 0.87755161,\n",
       "         0.83965213, 0.8523263 , 0.88566571, 0.86583086, 0.88656192],\n",
       "        [0.89918871, 0.91136919, 0.91661449, 0.89209888, 0.83641635,\n",
       "         0.8781349 , 0.90172175, 0.87549744, 1.        , 0.87155059,\n",
       "         0.85641071, 0.91442013, 0.90370591, 0.88732444, 0.89434384,\n",
       "         0.89472306, 0.8977939 , 0.85316032, 0.91065194, 0.91441698],\n",
       "        [0.87689482, 0.89454596, 0.8972717 , 0.88000796, 0.86014847,\n",
       "         0.861267  , 0.89971662, 0.86412354, 0.87155059, 1.        ,\n",
       "         0.83580636, 0.90171677, 0.88892711, 0.90743634, 0.89057514,\n",
       "         0.88630769, 0.85916681, 0.86700484, 0.85665668, 0.85927352],\n",
       "        [0.86610637, 0.86245091, 0.87883781, 0.855964  , 0.85497265,\n",
       "         0.83990839, 0.85243089, 0.86596354, 0.85641071, 0.83580636,\n",
       "         1.        , 0.86117071, 0.86301935, 0.85130354, 0.86601369,\n",
       "         0.81381454, 0.86444356, 0.8257836 , 0.90045834, 0.87767376],\n",
       "        [0.89884544, 0.93583587, 0.94164302, 0.90754375, 0.85229352,\n",
       "         0.90210783, 0.91037622, 0.87065056, 0.91442013, 0.90171677,\n",
       "         0.86117071, 1.        , 0.90092222, 0.92041166, 0.90938227,\n",
       "         0.91652204, 0.90806119, 0.88604365, 0.91698829, 0.9115281 ],\n",
       "        [0.88566801, 0.91396049, 0.91347896, 0.89687424, 0.84891154,\n",
       "         0.87647079, 0.88093212, 0.87944939, 0.90370591, 0.88892711,\n",
       "         0.86301935, 0.90092222, 1.        , 0.90281044, 0.91359663,\n",
       "         0.89342297, 0.88153304, 0.86175977, 0.91900896, 0.90228991],\n",
       "        [0.87286401, 0.91876002, 0.91962633, 0.91022866, 0.8618294 ,\n",
       "         0.90447963, 0.90956153, 0.86215262, 0.88732444, 0.90743634,\n",
       "         0.85130354, 0.92041166, 0.90281044, 1.        , 0.91536429,\n",
       "         0.90863329, 0.90211858, 0.862754  , 0.89571466, 0.90417211],\n",
       "        [0.87077079, 0.92876422, 0.9332445 , 0.89343742, 0.86826164,\n",
       "         0.88016053, 0.89717296, 0.87755161, 0.89434384, 0.89057514,\n",
       "         0.86601369, 0.90938227, 0.91359663, 0.91536429, 1.        ,\n",
       "         0.88622336, 0.88265873, 0.88252135, 0.90223435, 0.8999068 ],\n",
       "        [0.89209691, 0.91353287, 0.91909782, 0.89660451, 0.83333297,\n",
       "         0.88432589, 0.87761039, 0.83965213, 0.89472306, 0.88630769,\n",
       "         0.81381454, 0.91652204, 0.89342297, 0.90863329, 0.88622336,\n",
       "         1.        , 0.88244949, 0.88045583, 0.90368634, 0.87060933],\n",
       "        [0.88036372, 0.91182382, 0.89621785, 0.89647048, 0.84151008,\n",
       "         0.87571448, 0.89976103, 0.8523263 , 0.8977939 , 0.85916681,\n",
       "         0.86444356, 0.90806119, 0.88153304, 0.90211858, 0.88265873,\n",
       "         0.88244949, 1.        , 0.85725242, 0.90061796, 0.90352476],\n",
       "        [0.88252022, 0.90373412, 0.87587472, 0.85084396, 0.87290139,\n",
       "         0.83409212, 0.83353089, 0.88566571, 0.85316032, 0.86700484,\n",
       "         0.8257836 , 0.88604365, 0.86175977, 0.862754  , 0.88252135,\n",
       "         0.88045583, 0.85725242, 1.        , 0.85439555, 0.85779294],\n",
       "        [0.89455385, 0.92648341, 0.93495142, 0.89079998, 0.85440518,\n",
       "         0.89094844, 0.89477881, 0.86583086, 0.91065194, 0.85665668,\n",
       "         0.90045834, 0.91698829, 0.91900896, 0.89571466, 0.90223435,\n",
       "         0.90368634, 0.90061796, 0.85439555, 1.        , 0.91199773],\n",
       "        [0.87766695, 0.92598766, 0.90778052, 0.90672513, 0.88330408,\n",
       "         0.88162316, 0.87591274, 0.88656192, 0.91441698, 0.85927352,\n",
       "         0.87767376, 0.9115281 , 0.90228991, 0.90417211, 0.8999068 ,\n",
       "         0.87060933, 0.90352476, 0.85779294, 0.91199773, 1.        ]]),\n",
       " [0.04165571807462434,\n",
       "  0.0399798059837032,\n",
       "  0.039027613000773016,\n",
       "  0.04193430266397596,\n",
       "  0.04326336416930669,\n",
       "  0.04182398505574208,\n",
       "  0.039974899065830925,\n",
       "  0.04168527121210744,\n",
       "  0.041346061446713385,\n",
       "  0.0407301083794823,\n",
       "  0.04288512663945043,\n",
       "  0.03957895388566104,\n",
       "  0.04022736165556373,\n",
       "  0.039059650825315234,\n",
       "  0.03932511769557238,\n",
       "  0.041290143979719515,\n",
       "  0.04234167196907927,\n",
       "  0.04089974578229982,\n",
       "  0.04125970038160117,\n",
       "  0.04178133952811867])"
      ]
     },
     "execution_count": 53,
     "metadata": {},
     "output_type": "execute_result"
    }
   ],
   "source": [
    "model_params = {\n",
    "    'N_bag': 50,\n",
    "    'K': 20,\n",
    "    'signal_bag_percent': 0.3,\n",
    "    'atom_bag_percent': 0.3,\n",
    "    'agg_func': 'avg',\n",
    "    'replace_flag': False\n",
    "}\n",
    "\n",
    "p = 300\n",
    "n = 600\n",
    "m = 20\n",
    "noise_level = 0.2\n",
    "data_seed = 1\n",
    "\n",
    "cal_bias_variance_corr(n, p, m, data_seed, noise_level, model_params, 20)"
   ]
  },
  {
   "cell_type": "code",
   "execution_count": null,
   "metadata": {},
   "outputs": [],
   "source": []
  }
 ],
 "metadata": {
  "kernelspec": {
   "display_name": "env_base",
   "language": "python",
   "name": "python3"
  },
  "language_info": {
   "codemirror_mode": {
    "name": "ipython",
    "version": 3
   },
   "file_extension": ".py",
   "mimetype": "text/x-python",
   "name": "python",
   "nbconvert_exporter": "python",
   "pygments_lexer": "ipython3",
   "version": "3.10.10"
  },
  "orig_nbformat": 4
 },
 "nbformat": 4,
 "nbformat_minor": 2
}
